40.0507418765232,40.0683142875937,40.1405978804645,40.1856289140763,40.1126764505941,40.0244436544153,40.217933064138,40.037184717085,92.0492424989843,92.2363627829682,92.0051822788149,92.0391058057627,92.0645630568502,92.082782898062,92.0124905018798,92.1823469485576,144.023212019723,144.021377507948,144.116234349711,144.093923761698,144.013151341073,144.045814074548,144.149033829983,144.000326262481,144.023454158435,196.046417402256,196.148602340463,196.027533729514,196.063185810245,196.014390523927,196.000294129922,196.028543661095,196.12151527605,196.006640589308,196.170776589751,248.007064374319,248.154518938405,248.150713147874,248.08449529917,248.013703390268,248.158732600764,248.0121544889,248.027608453961,248.01533982127,300.002091384916,300.087589035939,300.026541089629,300.048541101427,300.071081496203,300.08721912653,300.007314453471,300.144519905483,352.022960585448,352.00888075923,352.079270109484,352.039360644631,352.251998793494,352.000173743634,352.045969344602,404.007750208348,404.162678967681,404.012806264377,404.189156148506,404.216443406704,404.044745518117,404.075983375524,404.041939935642,456.004761256146,456.017165761003,456.011563649043,456.024942487226,456.059188557991,456.213498666744,456.152170843944,508.155480692204,508.064804088687,508.072614684701,508.174336847848,508.115069773144,508.185320424752,508.021763445534,508.028527046173,560.114554995491,560.102840909103,560.078311044291,560.078779459002,560.139208353732,560.185758640705,560.092554967073
40.9374946416018,70.7439303994718,66.8598283778979,77.4559548410852,42.2539834459575,47.292144708328,82.1923679297849,68.9288376325163,109.696610963582,127.577428992267,125.454964873367,124.170561795495,172.25009545688,95.6011589282292,98.903750621983,99.7140730536333,175.505041126145,176.406933307426,166.828130868923,171.879447828342,147.492340430092,174.965231256758,164.326030108361,166.013451765962,143.8612958515,207.880621666181,232.109641060767,223.496173547466,212.08057699787,209.339147660454,210.567198047892,211.373578692182,223.312122948825,216.573237102721,215.066584044934,294.517822575637,261.743627210286,265.126218936174,247.850306150313,269.730964683757,262.873214028186,276.977743687691,273.854521150775,270.631857973962,318.719293736069,350.270644613172,321.05801946993,300.398372845702,321.362178322908,306.958317196478,331.363407807475,329.198403528441,390.231134185345,379.220871834702,362.311520260475,388.254041056707,386.478037428121,378.874138119383,364.718937717679,450.585446655156,424.365154403259,455.80555016237,442.505207272616,406.034268546283,437.394222019927,429.436016401594,409.322120050592,502.546287899046,466.517208481224,494.325069126715,457.332628282574,494.540691953506,486.613324802643,486.213295740121,535.142750814313,529.736639886398,527.866486780838,512.005065377752,528.500374104126,514.178881803159,539.514438805611,522.707625876045,584.689141295926,578.796700065291,595.430317743856,586.606696687895,584.300832050202,593.509200668488,582.050709858528
41.5586120129535,106.709252809121,95.1928871771645,112.85009668862,45.3288960489346,53.9298431465121,167.593405313301,103.481927947529,133.314731324872,159.482602632148,153.485204090156,159.440747034795,186.036785051397,98.8060490395079,104.336774370921,113.39150819694,208.68339155907,206.025028344597,188.532871213218,196.245679778143,150.465931185022,191.71494692222,187.947812627078,185.723536169838,143.680520648775,221.620372251443,275.803699451241,247.53298292535,223.060680614451,228.991429246231,229.320778138131,226.860193171989,251.747071171094,238.639082616348,234.009917232716,342.85090441125,280.678470613436,281.500214890999,247.594479935274,297.805588708037,268.310070838567,306.686970555602,301.898123140567,301.372193751251,344.590450920361,387.094426023637,346.495963647706,300.748334299527,337.190111319016,316.434206114398,365.564011521044,357.510537429502,447.656113200135,416.765836710184,377.588558536977,429.48719405649,421.717849896584,404.44055403983,376.600120280009,505.571298735423,448.512434795394,492.508561939829,476.781252512485,410.716871538327,485.845716343504,458.062652550592,412.685036811938,550.438979450367,475.834907491685,519.296740764011,458.690132458645,532.054385713662,508.702096092277,514.148791476982,560.483680850659,549.875553789167,538.799159210196,518.466730175013,547.637881474139,523.134408384964,573.022324836736,525.102769593586,613.247680715849,590.930686674327,613.641534580444,617.476295177727,604.505025405612,603.285557382093,603.097086723964
42.3175867876695,140.689672742953,124.105736483119,150.622542189672,48.6930421394085,61.2230481199279,183.259203608221,120.870504583273,159.267952773194,191.453880455688,181.995531060439,197.188917488418,201.64493955808,102.33001654829,108.816076624456,127.977800621774,247.381640956694,234.768555684039,203.574804842213,222.972946441014,153.413502187548,200.890729036252,213.292358858777,204.075598124837,149.828865719662,243.101772802705,324.814632630305,277.23438299831,231.215664457969,248.947891935797,256.071333296853,242.741816202483,280.627621563875,263.039212798283,258.663800400678,374.695011628931,313.534571182952,297.35704025397,247.368489224974,320.791263235957,279.088707509934,338.615396526916,330.685535813159,329.761670366496,375.025183296006,439.5456984496,382.422965537212,301.079738609017,355.977724844392,330.112754325746,400.134153453723,384.126260758859,512.811776829301,455.938434940937,396.665457691297,468.292096412305,464.222736834334,430.544843270402,388.586512041036,562.008713851746,464.82759969655,517.007634944274,510.038370823076,419.366327469468,530.001669155955,490.946517975971,415.004935773116,600.114003256799,488.242933712704,532.529869324529,459.808650393154,542.595900672626,541.749311972322,552.322935482633,595.770327054088,569.468567527435,550.109617132853,528.651919303441,574.109204852274,537.578230998242,595.322442012752,528.123360493697,640.884421671233,598.634472021555,630.219394212572,663.363151775091,616.252549862804,609.680909969024,624.206382868277
43.1799324334853,172.210007547209,148.272433228914,189.854487882404,52.6021167356419,69.9191108433995,194.901063557857,136.677809146176,184.309936993787,226.673570541117,212.397487604736,225.135171663941,225.57457525524,106.149703671622,112.192471753445,139.039283967749,294.228865457178,268.048139766554,213.20453622662,254.658954485311,156.120457071582,204.533523764741,240.008823020095,223.859334148494,162.874678201169,266.742165828425,360.50873582587,322.978086648154,237.978591250742,266.982691025397,295.062797730412,254.141816503338,310.681907299756,290.001249494243,288.331423115522,388.841426118926,351.732792389626,313.745524685641,247.152004953385,337.7094257788,291.744453828093,373.07383233508,359.075443790937,350.855580183305,410.348677007007,507.066856875297,437.688639821045,301.443915826855,383.610064606446,348.067936599868,438.413421100283,410.09112085279,561.093374919446,492.450983816853,413.536499684597,508.923349179297,513.879794881759,459.768750774127,401.583557671681,617.248928826213,475.627985409195,530.360815724213,537.64619583984,434.010370790494,562.893243571427,523.495391215904,417.274408796914,655.046752046436,506.748330622889,544.808215766988,461.03044660374,557.227404445091,573.854536762187,590.98352930197,631.464249942641,585.869501367496,564.96275502883,545.578705050189,604.930256593933,557.971844541094,624.116756628238,533.763230390754,667.864150057217,602.927547302444,656.771161792968,734.574949080329,639.120999407294,616.112092939476,642.297997295554
44.677548556957,204.261541105647,175.643163775821,221.710462878171,56.9439493475434,83.3507307702625,211.963250994598,154.221886973552,NaN,269.593608864361,246.436748114339,246.082039423323,251.962741680073,110.495313041391,115.53310150937,152.938387350735,338.640146151034,315.243034156685,219.360549393695,295.83770707918,158.659856667834,207.706739990783,267.570123756935,246.543775840735,179.463386298733,290.966036212307,377.705798940537,371.990145481275,244.695689941527,296.379577170087,334.304026327268,266.435787765158,342.760089342334,318.430868584018,319.784635156759,410.565909407666,382.676048932712,332.783778264017,246.801158181503,357.344912394745,300.773516819837,407.818142853978,386.097987598173,366.62823115647,459.708547268945,557.174969006825,489.220858847622,301.77950690202,415.900335384552,367.82980048748,482.643207991923,436.432486727378,599.021930479993,519.766737931567,425.908717575818,535.655407550303,546.988478661524,492.716533953036,419.195386249894,678.013146528067,490.099695113425,543.017461362313,569.787306851088,457.414871740758,591.003173084933,565.177218270133,419.600914034083,710.782357716173,524.654743722839,560.159175009389,462.206742816621,581.100946665027,597.750751477622,626.728346591469,663.372521893935,596.081760031903,582.755649359041,572.703913024401,645.748939171658,582.661131303583,660.139491884946,542.803056681856,680.074060263256,609.777267472639,680.619253219333,787.282696822009,692.018537480335,620.347776670672,662.175750377478
46.0298047158634,241.12811561272,206.020089984376,245.01491482476,61.6749502521504,112.148908905994,236.800449290631,175.195954479852,NaN,317.253023886927,289.266044947718,264.396914696187,276.165359628192,115.121929655629,119.371671777337,171.058830073092,365.977926487166,367.256465109252,223.112123948125,342.420931092846,161.728261225072,215.359828357559,296.592279682967,271.653430664588,194.853807884231,311.1837554409,395.945504824428,419.557634778114,250.914147604641,331.657790859866,364.620139001953,284.231942741667,376.729634015121,347.216358879902,349.312526807366,448.712257066789,414.359582706877,356.180003459751,246.716459511033,385.665859994938,304.308113965216,447.166025542914,412.058774921056,379.507120174913,NaN,593.740335143709,520.403933875593,302.271868027784,451.701859791264,388.716573259514,526.380827850081,466.306936776214,643.98560386779,539.024128367366,439.919446444469,567.128210161798,571.870652207375,526.812363705153,450.090776914373,740.273407398174,511.143424012919,558.637701321957,604.388908418988,485.346710960472,620.625713976883,597.212322012448,423.405150728943,751.27833946264,538.835344585841,579.087910641398,463.179209974674,600.025278432233,630.069305940767,651.246162396825,696.768030463099,600.900537490566,603.739187800037,606.945425773806,717.757013679517,610.387363344467,678.235450129256,553.829055311931,695.078063184033,633.17026037682,703.064424400985,825.344796575595,739.854487667472,623.137330714926,703.533747513382
47.8897382185213,286.565618754947,240.302422839592,262.034389801481,66.4833899116068,135.321748257114,259.362515287669,196.658468864051,NaN,351.603543390973,341.669739927852,282.212057611918,302.795427459041,120.164663868282,124.326876881854,190.862317596579,388.482196831495,419.823904867401,225.26303742122,371.59878764347,165.025151733413,227.441630257768,327.205989677939,299.242767467743,210.978726418994,336.28227906899,424.958563045729,492.658163092066,256.608561634291,344.67923812204,399.729801464656,304.969242385055,410.577073425959,375.320948616802,375.055859965685,477.20819384314,468.367347992638,390.056675280541,246.390486009048,418.083177818551,305.864468697985,494.193614692679,437.506030500581,390.38577480175,NaN,636.821479092143,537.500334095399,302.536340639248,482.1544560886,407.661639651079,553.318281891184,498.009956590379,683.691139412506,561.229350797931,451.285891653215,599.706082221238,595.137536757851,567.227403494119,494.150660749822,786.393379572576,530.215739562853,578.057923900952,615.870695947489,514.908448278688,644.389364756028,631.147584275392,430.400240965931,790.454571982575,548.691804083056,602.198266117736,464.282184039102,622.72542537062,666.321634267671,673.425801636329,720.796085445195,604.267302375215,634.396071444309,649.223330472037,773.703272154829,663.516390878757,683.653919173041,565.036500514736,705.084416794798,654.34647675578,741.996242928342,864.412313961698,771.628641049013,626.832454877446,756.88932243026
50.2440995948589,328.512101712949,282.185858480141,277.400737371544,71.9148407328872,146.331553360098,282.757115048675,217.134626741187,NaN,376.556860989816,387.230457956151,299.796342690848,331.736196943003,126.200190018573,131.663314358867,210.635857653057,422.761921910573,500.8643087656,226.628447723577,410.263553385381,169.458846945092,238.79336746175,359.506338320911,328.149889009548,230.840375081275,364.591947332674,457.600805060912,538.655408067579,260.58314710234,350.740232180935,438.744506147401,322.08991944164,450.916932121914,401.970804298463,398.664153549329,504.709493410921,503.595730432048,434.05226857841,246.28904762248,454.87455823217,308.626522235159,533.662487355659,465.284366167189,399.669732922532,NaN,675.770358545042,550.066747839042,302.801104522501,517.251265895938,430.859101269814,576.56475245808,532.033260330353,720.78287070607,590.905630871894,465.979853360216,629.408462564985,610.44388008725,596.432814307592,531.433714564492,NaN,543.884582778952,601.836350597946,633.62039906812,534.499888832506,667.573285014439,656.003818171596,441.374195065768,NaN,556.560723125494,635.965339877035,465.157376814734,671.145264042833,690.845435334597,696.829868314729,753.61964983789,607.444832846333,660.732273752088,689.33261895839,815.569480227422,739.041230699045,696.36406944336,575.944599484632,716.197730836479,671.619789289752,791.127641593009,929.817217450702,793.642807356832,632.006769189606,793.816771103189
52.6449669479916,357.268816838665,334.069237040027,294.155440953314,76.509371283781,156.145903633663,309.08518644318,239.292110078418,NaN,409.087754328492,449.053832851468,319.343575781438,364.453442910844,134.055743634185,143.105597119701,231.799894701273,463.842193719399,553.382497795923,227.246503450529,448.442437618199,175.602765535886,247.433922037112,391.607794453135,357.071328070193,254.531411179952,NaN,487.392131390791,566.11791438146,263.154531103721,356.459207064311,475.668897810699,337.417583992423,500.721212295058,426.000139417966,421.393214011148,535.715689094024,523.597719896967,484.803495158197,245.904358574434,483.997314976434,314.117675154879,558.998045014306,494.31906366807,408.780320837299,NaN,711.439211737543,567.23797175178,303.091042475401,537.647544321139,463.51507012498,597.768421174658,571.666800988591,746.364786510822,627.238140183428,482.013903279931,678.592051874487,624.731767962775,613.30345624881,557.038090710675,NaN,553.974148276699,636.747145678978,659.615552278483,556.738979521752,697.383906921066,671.965302588365,456.944310342702,932.200452722898,563.948903004518,667.25073871525,466.029185719754,732.315098602133,712.404277669095,716.312821000692,784.812977066751,611.30076910454,672.248239746806,714.941083001433,842.737476351667,788.307302746187,713.021644503644,586.181502995991,732.646407589715,683.820162476532,827.380921225277,963.652319793535,815.316087028323,637.969652412775,826.15239182337
54.5769637191399,387.574884195948,377.990211450313,313.746618673085,81.4351174292412,164.984829536331,337.543271321416,264.008122016707,NaN,453.51976443022,522.640650964768,342.120742702215,397.289658835541,144.824662761253,160.081737449847,255.776336074072,510.910242682569,582.444923423481,227.815662362893,483.144109732792,184.269068618653,259.249388154115,425.009042961967,385.0389225232,281.721505834677,435.024265704868,528.986276671634,584.646790916285,264.849237064859,365.09769352653,518.355557359867,357.390251096855,539.693247762155,444.910388034816,446.24729980032,555.898091478662,542.010991195453,516.030228954848,245.758882661951,519.669622306272,322.934411882861,582.203190455695,523.25587548836,421.815734325121,NaN,736.004289879044,590.511000247476,303.447425896346,560.23336101905,492.335662326571,613.147858104591,598.903245902682,775.172484453808,675.709483804603,498.836909691919,724.772380487965,665.651124693353,642.649224388215,577.644545578415,NaN,562.655731319727,670.371444233775,680.999528480881,583.370376843573,740.32220509191,691.043665251229,471.427388293393,965.876833810504,572.632675196509,678.913192208857,467.120618072257,784.5795404981,748.059055927001,736.372927476573,824.420619227138,615.95857322528,684.748227534253,753.744597498129,892.122706439581,820.418755274304,730.655585621769,593.837890050853,755.851522197077,699.159198698661,872.05825549849,991.580846614979,841.716075189498,643.061899657895,871.192623969806
57.0049484223063,429.122054781878,430.212161570481,337.073191387578,86.5828988953951,173.909066341615,370.122412617435,290.944987512301,NaN,502.633563263266,567.573803584678,374.268717700961,428.13021496162,159.789065298427,181.082323134065,282.700408552588,552.064020988,621.835409762658,228.306548448801,516.885806698611,196.556412094461,277.634533352299,469.741023875595,410.532594955049,311.026220237221,NaN,556.200285831119,603.174848915996,263.863209984533,379.250293022379,542.656754486707,375.47615051381,566.553969684039,465.889652954714,475.693271090527,573.148988169069,561.355449131897,535.53120013545,245.561148419832,539.603837955647,336.999801170723,601.953102542138,559.962947872961,445.811000565637,NaN,761.122265073263,616.157447118994,303.717435337238,589.1042247252,521.914110637363,641.406706270665,605.351372922195,796.565341805943,700.783203488029,511.992720653299,775.806584479795,723.801193517371,651.624173989241,596.831877347298,NaN,572.478015836389,681.317522993006,703.10576957669,615.828556779382,771.539282722146,707.656135499221,485.902375863735,993.793502673167,583.714725715541,690.81996369132,467.861217985823,825.223088359613,763.725534927037,765.871127590905,891.771054868761,621.650428141229,701.663654619459,788.348695575827,935.823730254175,846.389802256648,744.72582622323,597.541308789636,774.275779579936,723.554587971241,914.153727714231,NaN,876.509740215829,646.5549660971,950.786165997244
59.1491103060807,480.769979330888,508.275561118763,367.973457858766,91.4596732917437,183.519977603103,401.166279335366,319.459061879036,NaN,553.832138203691,607.745730114283,421.894823012732,454.707849875309,179.310345683848,202.042485899805,311.233848572741,599.461088191345,673.881871018196,228.471935751763,545.391204995962,213.737563406987,301.130402667089,520.063340801479,428.25805702157,340.089351030988,NaN,594.643454133254,645.914538693606,261.381330950895,397.410696032188,544.057082869795,389.214785995396,591.252284355653,486.341833018158,506.318188000139,592.714131743985,579.651020692608,554.390776666712,245.335634748949,563.029269488599,354.386843682886,617.087675470702,589.268192951047,481.163536559077,NaN,785.816922176271,648.298504261043,304.044024528763,625.964287461267,540.944684573182,701.33349619478,610.691311539317,820.2427187937,712.79517388549,524.340615182601,818.808533640564,761.935990776185,658.851066449895,616.891823290123,NaN,584.6329147227,691.851607835468,742.1024843949,671.897121974861,786.479345635188,717.554201142354,498.546780749278,NaN,596.86570280954,707.369587040823,468.625604299986,874.097098680833,781.204772957843,814.092003533607,937.713880624609,628.941488557124,725.673718692828,797.321104122298,960.791186786126,875.850483155799,754.522152216694,599.055873305163,788.170424454824,757.523569281878,967.622769733488,NaN,915.733711494823,649.456925709356,975.970779386597
61.2340338845235,544.751927255172,560.588386091978,394.864183349745,96.1891196582348,195.431734330017,428.957147573459,348.288950879085,NaN,606.14731374296,658.993138344975,472.240816022833,489.352827024621,204.244940955393,223.198938486827,340.13618773651,651.47402065969,714.474081675178,229.003613804598,579.182317717211,237.411499340244,325.316775645918,554.372991797083,435.892621411992,367.687835918692,NaN,635.286182893787,682.838245230896,263.130159503683,413.6897401023,544.725447027536,398.097080888538,609.615136056852,503.434354879219,541.071821807914,615.624289157547,593.050937120343,579.982389822313,245.208745647362,591.787749430664,372.677571295631,652.340953304495,602.370991433334,512.283292431214,NaN,801.946194645595,668.661341931444,304.395410893693,682.029069688153,564.95268375407,751.096309967808,616.814170054531,859.190265372941,718.840589946238,540.205236524554,865.268651390447,786.704556203674,670.21797338709,635.057224990403,NaN,599.31893766128,705.896392922369,791.122960867546,746.014234681831,799.452158153816,723.88134445045,506.981394961042,NaN,608.95803257848,731.313408863147,469.509304036424,935.869586242837,809.366575150962,837.63996002755,963.625867137005,638.307753038976,762.842757464852,821.170822068651,983.812867825708,924.360831211744,766.460181245908,600.109561952211,805.140026018603,791.054567617025,NaN,NaN,936.989534478201,652.11547097148,NaN
62.9730931409881,600.607304672014,599.35892194249,444.655466937976,100.944123323404,210.780649927806,451.108111756249,376.115467606567,NaN,662.650870798833,702.419942392239,507.982308102966,516.284970262339,232.081172897986,246.085777274391,367.843397000258,704.072444107839,749.812629516392,229.184328042237,609.068790171422,271.608201324646,352.125770536342,581.720598993853,451.492515678927,393.585637622113,NaN,673.971639144437,711.377864367514,270.595460795667,427.211699036775,544.714228762493,401.15478142187,619.316497139982,530.925671826096,582.910316526385,634.533150843079,600.648239367321,612.080506687901,245.096440095202,629.155323438469,390.164817896092,715.035933429529,617.708440670554,533.296424506637,NaN,824.115071080435,687.976692829265,304.564785986169,746.926001910324,594.941446547852,783.629896045712,622.093257178035,901.478257277808,730.136577348971,564.221341517537,927.660028663817,808.276771651699,685.240808025178,651.341147437066,NaN,612.405951140914,726.475462594231,827.071361468307,794.692734313057,817.974639478903,732.896274890093,513.692519469059,NaN,618.555245899334,765.992315927042,470.333022649105,975.196864739874,849.748049000517,859.611590706721,988.712104121781,649.169324903462,790.229301947061,857.586308422749,NaN,958.392678839449,786.626043616697,601.012329731148,838.796547330405,812.97653597683,NaN,NaN,950.223252492519,655.508008909933,NaN
64.5513689696099,664.511625513112,647.462157737562,477.526181605431,104.974493724665,231.619131402188,480.228685775353,402.635752726194,NaN,721.495436920644,737.835891583276,530.92009976854,530.932707347283,260.602771772976,271.45104109243,394.298009297313,741.714909363318,786.975740401348,229.406247824026,626.068850293743,317.348015627695,381.081305562204,608.029116958116,477.905364468533,419.527598399145,NaN,708.635886214857,743.135287126989,287.175250177408,440.82346683349,544.947580708612,402.691246014156,641.704866572691,566.781341281952,616.718837636499,654.737866280405,607.954797610488,653.201372312568,245.060928024546,688.436708182425,405.751719897225,759.780472673425,645.489471366109,553.191509040053,NaN,860.605688063901,709.897036864262,304.906361885598,797.098915599216,639.749454638744,808.443339064072,628.291574608058,933.755707050778,746.972230072376,597.776727746281,974.530059004704,833.023553604424,705.376065338691,678.007870984803,NaN,622.981517988757,756.442901842841,871.821375067571,826.498211180542,848.830156071455,758.305191634607,520.789809196802,NaN,627.57303120925,789.107577647682,471.061149591244,NaN,899.972974771859,876.321967653024,NaN,656.155499285317,818.807849227691,886.660633164403,NaN,983.316219844102,819.200899170649,602.762397929977,886.461138972531,852.567138528499,NaN,NaN,969.61073694032,660.891351005216,NaN
65.8448880943966,729.17396828133,689.649088450832,504.065318721379,108.285813100571,261.538922358446,507.604100025508,426.974231696458,NaN,764.683456396297,772.340198216834,546.199097867569,547.76906681744,289.808504053507,299.219889737081,420.338885112142,780.291334902401,823.401926251651,229.788431264153,654.870982199356,352.685812731182,404.49518301482,626.07812708156,495.846086984071,446.739668330527,NaN,739.535735726077,780.735120580436,312.040390442349,448.763180836132,545.646200886343,406.418932047326,691.979149608817,590.195711529023,647.65788584385,672.999691078927,620.386491522589,682.196581135931,245.045569099361,750.260540302889,425.635443434658,788.922666316428,663.652823414955,568.24070396795,NaN,895.153061821216,734.871880261628,305.037986932095,830.813268150948,710.000746046772,835.378190378507,636.969169739055,954.500440702056,759.457744574362,637.139969752008,NaN,865.407363557207,721.230718716776,728.591452777022,NaN,633.71514062188,779.248963191713,913.308597742399,846.284663427274,883.991242494972,797.054713751489,529.291535297779,NaN,638.080675310116,814.875277975168,471.863011530405,NaN,939.019836957952,893.282187988976,NaN,661.932559576897,868.027595575754,927.910179069131,NaN,996.533021618121,861.481593859626,605.561776856196,909.180219751925,899.150252391905,NaN,NaN,991.986455898955,670.589797170999,NaN
66.8794408386375,776.82166064651,727.11291240111,518.613500336625,111.021407082001,304.132055473193,520.702089420798,447.353694546415,NaN,807.617951019656,803.630050255315,565.504987579711,569.365560882899,320.260747501374,328.015445604445,446.986534999333,826.523063950816,826.080031049611,230.085237994479,685.022157950153,387.821507668299,421.380472240854,629.082945597034,521.79325703684,478.841780154241,NaN,774.259110886653,808.390064534344,324.397343623872,458.505988695133,545.828401767391,413.423642377378,736.490176392443,612.073193408145,670.232425029704,688.921305941827,641.38321596425,705.225619824534,245.132852266044,799.626144839053,454.708813175384,813.320894673524,679.314510473596,581.654220674726,NaN,926.251821280778,774.072356355739,305.192734589993,868.937494078855,768.959692663936,869.875818297587,644.783293459395,974.578939724119,763.119094070716,687.521750343514,NaN,906.334433634476,745.342613881378,772.280493670779,NaN,647.144760019055,797.927391141757,966.952335277787,867.213186196672,907.765121158462,813.746273647861,538.889846751508,NaN,651.766490152268,860.822717815131,472.450752341265,NaN,979.352570521425,922.099333761936,NaN,668.880394686915,903.155816497859,979.431137737706,NaN,NaN,908.992225018622,609.587503114567,923.354246204375,955.008273503293,NaN,NaN,NaN,688.642781484403,NaN
67.8844468051578,NaN,758.439830710295,529.979270484482,112.924580678633,342.484614842841,533.310244967526,471.330320927958,NaN,NaN,845.532415901102,591.909411270174,593.207726455594,353.130515439651,356.391220571479,478.381234139668,902.50358404243,833.032085199655,230.478153747567,712.094398363022,427.926407891684,428.176467906996,629.592357690206,557.259866436017,510.531277737219,NaN,808.86263013,836.451822281218,331.660833677676,470.801085632595,546.480744547691,425.385914071416,766.538392792222,645.712388570767,694.000810485453,702.880428348493,654.583175592313,719.457366642338,245.489015084124,832.610506975367,487.233372674272,841.26574760279,705.405569611138,596.512040813755,NaN,943.339206065288,802.118448342008,305.500517233576,928.223967240856,811.488281424533,916.115689325018,649.953465898057,991.116358968085,767.98690512631,710.51855404735,NaN,931.594035436911,799.653492979498,804.025959115176,NaN,662.5500940016,828.954743640974,NaN,894.69036762688,933.14404669578,825.159832129898,546.956367101868,NaN,665.861748684316,903.612649609668,473.04762057324,NaN,NaN,966.316191645991,NaN,677.305384303255,925.952507197855,NaN,NaN,NaN,948.139018738795,615.26115816335,939.400679913869,992.606233390537,NaN,NaN,NaN,716.075949487235,NaN
69.148009911891,NaN,788.008739281822,543.1443255869,113.929448229303,374.911372302505,551.388792632407,492.470694580747,NaN,NaN,903.873757036262,622.153922092125,622.295874152417,387.01179137451,383.7794552662,508.318408299527,950.651036715009,848.744230214003,230.796054684516,756.509248430777,466.879366155961,429.413500850664,631.91097722501,584.104019121776,547.812814340367,NaN,869.928563042499,882.727757396895,339.217033546046,482.905148942392,547.460021068568,445.265933616418,786.903986120721,671.249528360187,714.476918958851,718.810413388303,659.573067072414,737.53183400419,245.647171621525,873.602850858456,519.322987365248,877.505561411017,734.714719953474,613.08370723731,NaN,961.538843240153,841.800490836246,305.682089337671,958.209882922825,836.763491050401,941.184455556304,654.273168569634,NaN,780.272009520841,744.462062422282,NaN,945.62015393517,826.88710033228,834.598458893026,NaN,675.095888105897,883.811988806959,NaN,934.55717088986,966.315812752696,840.725581583337,553.006595728225,NaN,677.561219207041,910.0669628618,473.692028298164,NaN,NaN,985.017388246023,NaN,688.321870857849,952.640582404247,NaN,NaN,NaN,988.308696276443,622.608476768521,957.477645610115,NaN,NaN,NaN,NaN,743.460413699528,NaN
70.7040330050499,NaN,816.623814063653,559.68355448463,114.825004631549,413.319206324932,574.003935220333,512.396576473343,NaN,NaN,945.726414453864,660.993996949854,681.908459595186,422.225005023501,409.860882673788,541.668203531209,979.45148335561,868.948038134826,231.179374317363,803.416482255446,508.739274525982,429.489212176398,640.905065061182,609.41595303408,586.824815650972,NaN,938.297242344698,932.603412893576,348.68510801259,494.170733745544,548.837714134279,473.744294093474,806.081403111115,683.116376890136,734.492290634916,742.354674562012,663.078159309713,764.37744906748,246.326799791264,930.611627234509,539.818092255979,922.851089986512,785.869866528254,629.084078385497,NaN,977.333981813446,892.414739455264,305.983349933287,983.145243400073,842.593975691714,951.15263613194,659.946584858054,NaN,806.241965275093,780.032724078909,NaN,960.178787902268,838.528224564371,887.99292616717,NaN,687.366522528493,897.906998959145,NaN,958.387474270147,NaN,861.265488250036,557.110376328081,NaN,688.285827426112,918.866298363365,474.366804654084,NaN,NaN,NaN,NaN,704.965053593087,968.111706933886,NaN,NaN,NaN,NaN,631.877062865845,975.939602623937,NaN,NaN,NaN,NaN,798.925847364385,NaN
73.8254025811384,NaN,859.625095077794,580.178326179246,115.583533863463,453.034857279394,599.168918250155,544.873962491402,NaN,NaN,975.838087937396,683.25895419901,750.258440554789,465.35367479943,434.703524816626,579.82878704102,NaN,883.513905547647,231.582093326618,838.980049423159,535.507060023463,429.35439899072,659.709766002989,644.863783398567,602.419400154773,NaN,964.939468262185,977.838318972079,361.130324039605,502.926929138616,550.263366512797,503.239456698228,828.187857618779,707.184803453423,759.934174760846,769.166677980695,668.719603243962,781.214605548699,247.261159013065,960.304310851957,563.222208502807,943.472398073739,820.751677375573,642.556916636668,NaN,991.130679180907,927.77089000354,306.353027896832,NaN,848.49626379641,969.578677382018,669.40824156082,NaN,848.569233246485,791.129740883197,NaN,981.639767640464,844.353516687911,951.848821660865,NaN,697.790200412576,911.354166380212,NaN,970.062834048024,NaN,874.739012981506,560.78122601505,NaN,698.496607306598,929.001448269578,474.729698328785,NaN,NaN,NaN,NaN,730.998836330909,975.18872300722,NaN,NaN,NaN,NaN,642.501135511053,993.184370659121,NaN,NaN,NaN,NaN,831.125170747547,NaN
79.0602501402711,NaN,912.133862935932,605.564984873385,116.173138347853,490.931430747732,636.900373444171,578.064309623534,NaN,NaN,NaN,705.352000328654,793.650460973723,515.449764566145,459.686611144974,598.625565269153,NaN,896.013559897731,231.974931173256,894.458295654796,556.024012198902,429.8641869015,684.026373433732,680.125517980982,624.668901327814,NaN,990.289512198255,NaN,377.546885054043,509.978614235057,552.078880269886,525.709831319263,857.376730280733,734.176653745331,795.810629313774,788.783522606884,677.502675593196,810.192500485922,248.578756825403,985.40420101575,592.767557667152,951.77926418166,855.103630052468,655.28531588994,NaN,NaN,969.272362557965,306.840199759164,NaN,862.161290765316,987.257092493031,686.051489790267,NaN,893.855323622431,815.486652750827,NaN,NaN,854.959484463551,975.370982240144,NaN,713.137750351649,934.050693802744,NaN,979.364276365298,NaN,886.710230784423,565.21264728354,NaN,714.550803116808,939.894682412605,475.169801000451,NaN,NaN,NaN,NaN,765.434709687207,984.967873131335,NaN,NaN,NaN,NaN,653.521856339758,NaN,NaN,NaN,NaN,NaN,857.600513907295,NaN
88.9937003481902,NaN,946.832331818213,644.65161586081,117.146237109304,529.972397391909,705.136534277404,597.494751773552,NaN,NaN,NaN,724.922734164458,823.649500824433,548.986371539386,488.005411791713,607.12378703429,NaN,922.365534999072,232.582668361872,946.680405942386,586.934142800905,431.394326521436,705.400192112327,692.446488716545,646.892845738752,NaN,NaN,NaN,394.891342835352,517.877293333497,553.46221186023,546.488778369939,893.310665284903,768.229202826525,817.726502321007,815.870116223714,689.763980842842,854.672685642513,251.124133490451,NaN,635.586093097663,967.097653222712,897.917395998439,679.03682346793,NaN,NaN,993.564448334054,307.11637718619,NaN,884.66019270333,NaN,712.827897854839,NaN,935.903098202719,855.93799104894,NaN,NaN,865.135788162384,NaN,NaN,737.035235390098,950.358533995587,NaN,988.781447394766,NaN,904.088564912786,571.22628778774,NaN,739.266322230483,949.499037538712,475.495408000499,NaN,NaN,NaN,NaN,793.632551155113,NaN,NaN,NaN,NaN,NaN,663.673386881062,NaN,NaN,NaN,NaN,NaN,890.761071440494,NaN
105.557178950575,NaN,972.344765749997,677.413542329675,118.083486886252,542.088513801005,764.709591402988,621.892621372471,NaN,NaN,NaN,756.823485031239,852.312146786304,574.322228284623,514.120302680514,613.41920534748,NaN,966.510494069316,232.871489693329,991.562873332592,612.093123950151,434.477536119419,722.71728360429,709.766937886874,653.473827478702,NaN,NaN,NaN,409.089830048221,528.976385514329,554.571218064891,571.35692155159,919.768116606572,793.551238055216,839.693751630246,866.589052117023,707.363198886417,897.927756329379,255.947095542499,NaN,702.918774065219,983.352317472297,935.292479052903,723.97483176601,NaN,NaN,NaN,307.502411429125,NaN,900.455648152336,NaN,737.952564044674,NaN,980.318420941657,890.869236210883,NaN,NaN,872.177832453637,NaN,NaN,766.878510710342,961.44341067173,NaN,NaN,NaN,930.264394527675,579.707369120497,NaN,769.003858700798,956.199072603793,475.877031805015,NaN,NaN,NaN,NaN,818.770470657703,NaN,NaN,NaN,NaN,NaN,673.208452684893,NaN,NaN,NaN,NaN,NaN,922.749105050509,NaN
128.548471384154,NaN,994.299846384779,685.085550182381,119.459254774598,558.575071088588,803.520682145712,656.392500028269,NaN,NaN,NaN,780.781391368397,888.988164494972,597.770349104877,547.447382450822,624.693164191984,NaN,NaN,233.278323541178,NaN,648.68859798853,439.421451422265,737.654980509011,736.15572144378,662.729670090449,NaN,NaN,NaN,416.999415280651,546.443487329488,555.390028004363,600.36474821194,938.796445773153,829.509200313011,862.174729364224,914.494689370839,734.234759499142,940.297929671357,264.971255587044,NaN,764.044513903911,993.095211650302,974.023466116766,762.867468192889,NaN,NaN,NaN,308.068125524201,NaN,909.304652757373,NaN,793.135050243703,NaN,NaN,934.498250682453,NaN,NaN,884.418263799529,NaN,NaN,789.721687059667,970.932225614185,NaN,NaN,NaN,959.146927733268,590.903479855296,NaN,792.37205507187,960.319497480185,476.226936581198,NaN,NaN,NaN,NaN,864.174979416852,NaN,NaN,NaN,NaN,NaN,683.656188293021,NaN,NaN,NaN,NaN,NaN,960.415552904881,NaN
154.690640717253,NaN,NaN,687.553782762024,120.864165437036,584.217859023531,832.02174317038,672.441455474548,NaN,NaN,NaN,810.732810884299,938.935401878354,612.384619528819,581.176278986568,644.559868456841,NaN,NaN,233.773022252788,NaN,713.181288708492,446.350603752566,747.30993971674,754.09157308846,674.866291722146,NaN,NaN,NaN,423.607649034218,573.761934960861,555.98654447953,648.016776724201,957.280881371441,873.114115600228,877.151196529856,933.692795220653,768.346727584387,981.22394264465,283.124418818673,NaN,808.042461888421,NaN,992.144549631252,789.653958251856,NaN,NaN,NaN,308.697988464394,NaN,915.410447386898,NaN,826.36753451925,NaN,NaN,983.750136417435,NaN,NaN,907.571227789705,NaN,NaN,823.126927787116,982.622551966157,NaN,NaN,NaN,976.011692440629,603.775105206225,NaN,828.918099222821,962.054435077299,476.43183352966,NaN,NaN,NaN,NaN,906.763222895522,NaN,NaN,NaN,NaN,NaN,695.124723546147,NaN,NaN,NaN,NaN,NaN,984.263110380107,NaN
180.121627279668,NaN,NaN,689.158824397631,122.697726154742,604.36833085881,860.75094432054,690.914072545901,NaN,NaN,NaN,855.498574557515,974.527303059444,623.926953449475,598.09319707342,657.210892435825,NaN,NaN,234.206900612809,NaN,764.162303200309,455.708729186337,753.478420090932,765.108015124056,692.636872811911,NaN,NaN,NaN,436.658856641224,608.256332884771,556.732734844323,722.909374520621,984.456515470445,915.517558055372,888.154099847342,954.01621940891,794.037638578546,NaN,313.276175465489,NaN,835.722123529271,NaN,996.681242031611,816.114622617341,NaN,NaN,NaN,309.63283115717,NaN,920.937150369793,NaN,850.728253965576,NaN,NaN,NaN,NaN,NaN,940.980373961516,NaN,NaN,881.536351526996,NaN,NaN,NaN,NaN,982.496390957449,616.98003449374,NaN,889.469473630485,962.247995290525,476.760004244072,NaN,NaN,NaN,NaN,960.810318191055,NaN,NaN,NaN,NaN,NaN,706.994505707222,NaN,NaN,NaN,NaN,NaN,992.966287370846,NaN
NaN,NaN,NaN,690.602740453717,124.451439208306,632.074372399546,900.660002817623,718.672897797725,NaN,NaN,NaN,898.993858425846,NaN,657.946570969022,616.464928513508,664.132446218578,NaN,NaN,234.862660330563,NaN,810.199668746967,466.444209136352,758.831244409934,783.373599060045,713.324000773967,NaN,NaN,NaN,454.573368794675,653.552697228507,558.180955553909,778.696565327436,NaN,954.995029065543,904.48149668469,975.298670096736,820.119837850401,NaN,330.156356740236,NaN,844.125921943633,NaN,NaN,843.087908677585,NaN,NaN,NaN,310.686385189775,NaN,926.555005213954,NaN,885.028848708518,NaN,NaN,NaN,NaN,NaN,972.645953442789,NaN,NaN,923.919679222695,NaN,NaN,NaN,NaN,994.223305332815,630.091089181065,NaN,926.14001581924,962.712545387515,477.060638843563,NaN,NaN,NaN,NaN,995.500373647702,NaN,NaN,NaN,NaN,NaN,717.78149194369,NaN,NaN,NaN,NaN,NaN,NaN,NaN
NaN,NaN,NaN,692.584672697394,126.785620574097,689.025920771207,944.421734196237,748.520991000251,NaN,NaN,NaN,939.976612109759,NaN,713.070094173276,647.581836553126,676.7840178477,NaN,NaN,235.190416158495,NaN,851.544853428524,478.07870650301,764.510307715946,813.370314207294,732.255698330465,NaN,NaN,NaN,467.534257041185,691.396490730825,559.92995703428,816.115808747292,NaN,993.418161484884,934.567749559623,995.809801158896,867.165905529429,NaN,338.706234777347,NaN,850.22688956459,NaN,NaN,899.813968274943,NaN,NaN,NaN,312.250179438058,NaN,931.982697496781,NaN,914.445406531545,NaN,NaN,NaN,NaN,NaN,985.051546297995,NaN,NaN,945.610612175343,NaN,NaN,NaN,NaN,NaN,641.337438837952,NaN,947.846241669525,964.691898199358,477.090460737451,NaN,NaN,NaN,NaN,NaN,NaN,NaN,NaN,NaN,NaN,725.714894324775,NaN,NaN,NaN,NaN,NaN,NaN,NaN
NaN,NaN,NaN,695.656771745425,129.473084379878,741.906588102427,978.731368067157,777.569084658522,NaN,NaN,NaN,978.898737857736,NaN,751.592342118944,667.178381974702,700.124957038756,NaN,NaN,235.818280795963,NaN,923.46595272956,489.120778245666,771.283747600839,854.79983860191,775.995550615927,NaN,NaN,NaN,488.709425658948,716.431423141672,561.998591445672,839.032520843176,NaN,NaN,963.432199316713,NaN,908.205426526389,NaN,346.639290898936,NaN,858.606261206106,NaN,NaN,944.323153551411,NaN,NaN,NaN,314.397819117797,NaN,937.726471567514,NaN,951.493332433568,NaN,NaN,NaN,NaN,NaN,995.545152576483,NaN,NaN,968.140420685757,NaN,NaN,NaN,NaN,NaN,649.332310784558,NaN,970.571852486617,968.573212509686,477.276724416536,NaN,NaN,NaN,NaN,NaN,NaN,NaN,NaN,NaN,NaN,731.057395116728,NaN,NaN,NaN,NaN,NaN,NaN,NaN
NaN,NaN,NaN,699.566138709362,132.680796665963,793.009586841058,997.332066856915,808.049788522553,NaN,NaN,NaN,NaN,NaN,776.596977373099,684.988556751454,727.558385958253,NaN,NaN,236.405837715832,NaN,969.481505061132,497.793385257187,779.187490345671,904.404247462427,810.289461618876,NaN,NaN,NaN,510.172309145844,754.701598535151,564.815274500018,858.347049357416,NaN,NaN,977.840519226351,NaN,962.055303978575,NaN,356.746737942875,NaN,867.436652023702,NaN,NaN,964.756791653754,NaN,NaN,NaN,317.381483643162,NaN,943.724600168069,NaN,981.057330043257,NaN,NaN,NaN,NaN,NaN,NaN,NaN,NaN,990.344173393772,NaN,NaN,NaN,NaN,NaN,657.470575590899,NaN,992.748255576265,975.547106543059,477.448355343356,NaN,NaN,NaN,NaN,NaN,NaN,NaN,NaN,NaN,NaN,734.458997486172,NaN,NaN,NaN,NaN,NaN,NaN,NaN
NaN,NaN,NaN,704.017363344427,136.06258560311,832.242045603249,NaN,846.486580247864,NaN,NaN,NaN,NaN,NaN,796.275130108697,713.807425553779,770.811665229289,NaN,NaN,236.914194470426,NaN,NaN,504.469537934022,788.134848122233,943.318650461353,833.575357174588,NaN,NaN,NaN,527.36067475161,785.577369406766,567.317452281846,879.379093886252,NaN,NaN,996.84684525481,NaN,995.877551150114,NaN,371.402746987067,NaN,873.423893831188,NaN,NaN,983.133723350625,NaN,NaN,NaN,321.057044976634,NaN,951.154583775871,NaN,990.186119047845,NaN,NaN,NaN,NaN,NaN,NaN,NaN,NaN,NaN,NaN,NaN,NaN,NaN,NaN,673.665161357272,NaN,NaN,987.407656305891,477.613603630247,NaN,NaN,NaN,NaN,NaN,NaN,NaN,NaN,NaN,NaN,736.284745553914,NaN,NaN,NaN,NaN,NaN,NaN,NaN
NaN,NaN,NaN,709.566104187779,139.661092379627,888.72775414444,NaN,894.390973655546,NaN,NaN,NaN,NaN,NaN,816.821435609875,744.545722033996,806.49879688963,NaN,NaN,237.535481534406,NaN,NaN,511.780928282764,796.808161880965,983.921585170524,842.904553957498,NaN,NaN,NaN,546.500494232401,797.168806647241,570.221719274225,917.222448803963,NaN,NaN,NaN,NaN,NaN,NaN,390.004751946256,NaN,878.757899473167,NaN,NaN,NaN,NaN,NaN,NaN,326.020191597551,NaN,960.858422801758,NaN,NaN,NaN,NaN,NaN,NaN,NaN,NaN,NaN,NaN,NaN,NaN,NaN,NaN,NaN,NaN,705.466743237967,NaN,NaN,NaN,477.753351673584,NaN,NaN,NaN,NaN,NaN,NaN,NaN,NaN,NaN,NaN,737.576125929798,NaN,NaN,NaN,NaN,NaN,NaN,NaN
NaN,NaN,NaN,715.710186007748,143.155475843878,944.695224181119,NaN,933.421717192321,NaN,NaN,NaN,NaN,NaN,842.296813853975,788.040536499248,838.616536390874,NaN,NaN,238.137411289092,NaN,NaN,522.455725978773,804.437985348875,NaN,857.445015890081,NaN,NaN,NaN,573.392671558143,825.376916805707,572.457923442744,946.569526906292,NaN,NaN,NaN,NaN,NaN,NaN,407.751593340557,NaN,888.581719828868,NaN,NaN,NaN,NaN,NaN,NaN,332.28698877328,NaN,973.354683384275,NaN,NaN,NaN,NaN,NaN,NaN,NaN,NaN,NaN,NaN,NaN,NaN,NaN,NaN,NaN,NaN,742.27627783123,NaN,NaN,NaN,477.91495102161,NaN,NaN,NaN,NaN,NaN,NaN,NaN,NaN,NaN,NaN,738.206191573816,NaN,NaN,NaN,NaN,NaN,NaN,NaN
NaN,NaN,NaN,722.749026933344,146.406712641028,981.702419811912,NaN,973.63652333006,NaN,NaN,NaN,NaN,NaN,875.901405752938,823.140122225667,873.884007706575,NaN,NaN,238.584116141711,NaN,NaN,538.610152407651,810.622747323009,NaN,872.42850404374,NaN,NaN,NaN,608.384269941965,865.047014725053,575.073984636553,963.170615991306,NaN,NaN,NaN,NaN,NaN,NaN,418.944846795347,NaN,905.052579614762,NaN,NaN,NaN,NaN,NaN,NaN,340.555699234013,NaN,988.398627886788,NaN,NaN,NaN,NaN,NaN,NaN,NaN,NaN,NaN,NaN,NaN,NaN,NaN,NaN,NaN,NaN,765.902791225578,NaN,NaN,NaN,478.166918789339,NaN,NaN,NaN,NaN,NaN,NaN,NaN,NaN,NaN,NaN,738.797148607328,NaN,NaN,NaN,NaN,NaN,NaN,NaN
NaN,NaN,NaN,730.509469425987,149.22463614726,NaN,NaN,NaN,NaN,NaN,NaN,NaN,NaN,912.0889944369,860.729275157525,904.988321204782,NaN,NaN,239.406351595818,NaN,NaN,560.317538734601,817.102657248139,NaN,886.866615102704,NaN,NaN,NaN,655.404398111221,896.016979350037,577.374280272735,972.731113776278,NaN,NaN,NaN,NaN,NaN,NaN,427.303048250659,NaN,921.115357413927,NaN,NaN,NaN,NaN,NaN,NaN,351.358085171153,NaN,NaN,NaN,NaN,NaN,NaN,NaN,NaN,NaN,NaN,NaN,NaN,NaN,NaN,NaN,NaN,NaN,NaN,785.966303232262,NaN,NaN,NaN,478.227189988004,NaN,NaN,NaN,NaN,NaN,NaN,NaN,NaN,NaN,NaN,738.760900467712,NaN,NaN,NaN,NaN,NaN,NaN,NaN
NaN,NaN,NaN,738.883170735066,151.687868819325,NaN,NaN,NaN,NaN,NaN,NaN,NaN,NaN,933.366400440622,904.123793740125,941.672302254534,NaN,NaN,239.723414390785,NaN,NaN,586.008857194868,825.244021653774,NaN,911.931948047219,NaN,NaN,NaN,692.377481370966,943.556114356487,579.165603457727,981.802055402108,NaN,NaN,NaN,NaN,NaN,NaN,438.556068513437,NaN,933.251406881643,NaN,NaN,NaN,NaN,NaN,NaN,363.625030677798,NaN,NaN,NaN,NaN,NaN,NaN,NaN,NaN,NaN,NaN,NaN,NaN,NaN,NaN,NaN,NaN,NaN,NaN,807.865759113133,NaN,NaN,NaN,478.255016220321,NaN,NaN,NaN,NaN,NaN,NaN,NaN,NaN,NaN,NaN,739.289349633192,NaN,NaN,NaN,NaN,NaN,NaN,NaN
NaN,NaN,NaN,747.612768434163,153.410700819118,NaN,NaN,NaN,NaN,NaN,NaN,NaN,NaN,949.866556900267,942.827798990375,977.468486853184,NaN,NaN,240.407512858674,NaN,NaN,616.910707332975,835.947070795651,NaN,946.812449401254,NaN,NaN,NaN,713.288059135596,990.159822840436,580.53717424624,991.674974448995,NaN,NaN,NaN,NaN,NaN,NaN,448.768244424628,NaN,939.870466138951,NaN,NaN,NaN,NaN,NaN,NaN,377.320985490902,NaN,NaN,NaN,NaN,NaN,NaN,NaN,NaN,NaN,NaN,NaN,NaN,NaN,NaN,NaN,NaN,NaN,NaN,826.945714999557,NaN,NaN,NaN,478.466260128721,NaN,NaN,NaN,NaN,NaN,NaN,NaN,NaN,NaN,NaN,740.812611927263,NaN,NaN,NaN,NaN,NaN,NaN,NaN
NaN,NaN,NaN,755.71427489947,154.585015916369,NaN,NaN,NaN,NaN,NaN,NaN,NaN,NaN,973.418127222789,981.505115911111,989.280718787798,NaN,NaN,240.963575026178,NaN,NaN,674.436909057769,850.255108693214,NaN,976.011339046643,NaN,NaN,NaN,745.351218691396,NaN,581.373616780251,NaN,NaN,NaN,NaN,NaN,NaN,NaN,459.561313017088,NaN,942.195590343687,NaN,NaN,NaN,NaN,NaN,NaN,390.693126229129,NaN,NaN,NaN,NaN,NaN,NaN,NaN,NaN,NaN,NaN,NaN,NaN,NaN,NaN,NaN,NaN,NaN,NaN,851.204403879338,NaN,NaN,NaN,478.493963310135,NaN,NaN,NaN,NaN,NaN,NaN,NaN,NaN,NaN,NaN,744.82854118469,NaN,NaN,NaN,NaN,NaN,NaN,NaN
